,exprG,exprM
0,458244.247235,56.209876
1,522582.423954,89.448368
2,348956.921369,144.88886499999998
3,537043.808478,144.417568
4,340347.31399,131.150802
5,356120.834186,77.232322
6,432629.19202799996,86.818291
7,354541.830136,117.98514499999999
8,390781.940538,209.392962
9,327048.718627,112.22920500000001
10,800027.23497,119.19545
11,526946.96771,166.420514
12,309996.348089,147.26973
13,434246.091626,155.14465900000002
14,370925.976791,95.966983
15,399199.458415,104.05111099999999
16,448826.257053,77.555104
17,520276.53053999995,74.198614
18,486698.72360900004,121.13418600000001
19,410573.796602,105.67041200000001
20,327667.417571,409.848442
21,355119.68954,92.795245
22,508390.49069899996,132.628784
23,347461.968506,144.29492199999999
24,403567.011651,84.462034
25,285416.255996,151.3606
26,402898.93269600003,112.06648500000001
27,317764.43011799996,141.307172
28,458112.494351,102.713163
29,447458.90443199995,71.839074
30,869497.7044709999,62.29101899999999
31,362512.221503,99.14675600000001
32,266883.516987,183.512968
33,324503.953293,154.957186
34,428032.517335,145.17056100000002
35,461122.01211300003,234.427118
36,1167510.96022,178.23761499999998
37,557479.770217,74.113733
38,302507.29300500004,117.84728999999999
39,358496.228525,237.385528
40,474686.45408100006,222.588173
41,479228.99192700005,96.888361
42,554228.30345,128.611024
43,473791.44064399996,135.97315700000001
44,324556.86913,84.489997
45,512406.335532,87.035933
46,525918.869572,110.40696899999999
47,535627.539921,214.369741
48,524187.44710299995,92.773493
49,417922.47001399996,102.370504
50,386569.47205700004,87.627501
51,552728.859227,118.20114099999999
52,462021.472208,61.69025
53,473044.192115,118.829742
54,604614.1607,149.70326
55,474546.403913,104.551295
56,529623.814152,90.18830200000001
57,597617.194869,51.596784
58,440861.788958,79.304463
59,744615.161091,97.519527
60,1008033.2384799999,121.316685
61,369396.404715,176.68945
62,504436.659438,91.66344699999999
63,501478.96774399997,151.223654
64,391730.49995900004,107.31591
65,461164.095922,164.495517
66,508062.734703,103.316926
67,704087.71241,109.03966399999999
68,301433.88316100003,121.224228
69,649826.208896,110.87283300000001
70,413064.765283,92.126313
71,655374.067352,69.38669
72,408767.028449,94.052563
73,466710.675886,144.10609499999998
74,320821.751995,88.286578
75,511016.199275,57.482386
76,359094.325856,141.238381
77,531688.054188,142.930355
78,658396.981419,156.994986
79,323606.757106,70.312969
80,304669.73895100004,106.10146200000001
81,556182.001036,135.635923
82,507083.880563,96.091448
83,443200.73559799994,218.624883
84,409012.42785700003,72.317477
85,355054.302423,135.510765
86,458453.944037,130.535706
87,392643.091975,70.701948
88,325834.61859800003,135.103294
89,383378.234046,97.584546
90,232770.22071700002,86.894177
91,734897.859007,91.740381
92,315493.468126,127.34198400000001
93,392660.076029,157.863081
94,687214.31603,142.72753899999998
95,446413.30421599996,86.937338
96,367815.799544,66.543254
97,367292.248302,76.141277
98,467875.382777,82.628312
99,718449.790623,129.236439
100,324129.497948,96.623663
101,300883.625266,91.503455
102,401864.38871100004,97.488811
103,514078.60569799994,135.850635
104,316829.023291,78.922265
105,784084.1355409999,119.41621
106,368953.546615,218.164485
107,440399.918285,59.736592
108,375270.53857,118.348809
109,302420.748483,108.830087
110,458010.205284,78.414683
111,286037.21664,124.462483
112,433113.324833,145.856353
113,331590.353937,75.623362
114,498504.12455,121.62149
115,467194.182123,67.94221999999999
116,401785.09120900003,119.16439799999999
117,555770.635355,132.673315
118,440576.09122,62.931302
119,336617.917425,131.287716
120,341739.589051,112.84314599999999
121,524764.522525,95.09737700000001
122,588699.09789,105.605804
123,365717.986919,93.570673
124,291123.65599299996,60.59394399999999
125,519491.779025,120.70488600000002
126,548265.347167,117.637698
127,386881.424419,120.935414
128,492883.33418199996,114.838591
129,403471.296865,196.006884
130,429019.81136999995,82.964814
131,387583.434973,133.004262
132,440722.979605,97.26451800000001
133,447070.63795299997,176.560459
134,357630.73475500004,56.963567000000005
135,352493.814665,188.25036699999998
136,752218.243031,86.773463
137,418746.095708,172.44917
138,279142.005625,85.466598
139,453374.610344,85.642347
140,396262.435197,90.367168
141,288760.39051500004,82.66507299999999
142,539084.3793520001,85.09044499999999
143,336390.810679,115.485456
144,346925.070128,116.86126200000001
145,344130.328113,104.130344
146,385408.155779,104.94807800000001
147,356058.24698600004,86.320759
148,595758.941038,133.47216799999998
149,326677.177901,123.796819
150,397668.746606,104.86288300000001
151,475412.47274899995,65.016334
152,389173.235492,85.676734
153,351847.80762399995,68.055689
154,302999.572851,77.718153
155,491510.179568,161.127129
156,463825.734046,102.129494
157,740420.999709,129.927525
158,383363.55320300005,119.16338300000001
159,149907.288547,97.30234499999999
160,511033.818472,72.773051
161,475211.11838199996,92.387055
162,370256.152534,86.81043000000001
163,456643.47902200004,125.39056399999998
164,658557.314289,62.798654000000006
165,356281.817548,134.799325
166,373044.052547,101.039159
167,558968.743648,97.78772
168,585019.038287,119.111088
169,412407.973058,101.760856
170,563397.3540729999,116.71058000000001
171,383677.05116599996,108.768859
172,321708.682341,130.814594
173,452962.106104,79.93536800000001
174,317282.56812199997,116.39451299999999
175,523314.768008,100.93424300000001
176,534437.320492,128.989972
177,392229.449821,83.399897
178,1045252.0939200001,1089.846795
179,571175.290587,121.03995
180,626124.7054890001,109.5992
181,517398.240717,97.539686
182,446138.56287100003,108.22679099999999
183,427861.74564499996,109.118669
184,423529.49823200004,76.839303
185,613228.293996,125.83041499999999
186,265303.35053,145.273166
187,411446.41064899997,101.114915
188,346773.366164,149.890477
189,404728.385634,119.847627
190,905436.8659409999,143.68547
191,610331.651412,73.75665500000001
192,1504999.30565,187.38808899999998
193,368004.33582,180.213294
194,416950.325078,69.948776
195,522938.65679700003,151.409673
196,399801.246034,112.672178
197,366624.656249,240.36646299999998
198,2536889.63366,225.04239900000002
199,445424.160847,124.773327
200,376840.986493,140.84299
201,369103.772538,100.863701
202,359562.272017,124.66905600000001
203,443443.64267200005,110.93768
204,365618.867785,99.218681
205,521660.03556800005,94.061109
206,1077756.6840700002,107.18258700000001
207,503663.344473,144.013285
208,395476.45308400004,96.943463
209,407360.333397,121.32680400000001
210,640269.421553,135.631911
211,328825.128596,129.142311
212,363774.049148,95.526939
213,532918.657983,72.78795699999999
214,400350.116071,89.076846
215,484414.94106899993,70.610776
216,506709.853287,102.528471
217,447322.39431099995,74.85036600000001
218,473492.84343400004,70.733528
219,436611.89171999996,96.32240999999999
220,378627.400198,97.62682
221,398328.327021,161.173282
222,415025.086709,85.080802
223,445859.551722,94.572698
224,344918.24585,133.05081299999998
225,532376.693367,115.11400900000001
226,355099.68784699996,177.79515800000001
227,346687.319779,124.15085
228,372097.474687,74.985839
229,406770.895493,109.560083
230,448867.367321,111.901924
231,363683.69471999997,161.357337
232,357503.277973,136.367063
233,463128.66884399997,68.403746
234,290212.838542,130.196536
235,503448.273199,96.039395
236,307085.072188,99.04038800000001
237,339037.53621399996,155.429343
238,1418201.33779,80.432888
239,465603.122429,136.95416799999998
240,324256.496857,111.159149
241,433645.53482,83.517503
242,424943.27033800003,80.78571
243,462426.594088,121.337678
244,919334.030191,89.983986
245,397228.002702,71.957824
246,543410.129354,131.262672
247,687031.417892,75.74953000000001
248,353679.24810799997,169.86751999999998
249,365497.076023,121.192577
250,496080.773138,113.32229199999999
251,469542.87578100007,87.621337
252,405007.45589,154.150138
253,497095.664972,104.940083
254,491393.118246,96.969215
255,341598.249138,260.165114
256,427938.702256,47.514064000000005
257,352314.162619,131.727559
258,379287.232031,105.22242800000001
259,589222.1495770001,56.265763
260,268987.941756,136.4194
261,546476.383797,101.75731400000001
262,372904.735606,91.61052
263,494623.74555200007,185.26945700000002
264,542108.003672,146.595675
265,341521.05351,101.83456899999999
266,369810.704701,80.625261
267,425079.324426,202.96536
268,443926.65692,93.196411
269,286085.538616,129.46553799999998
270,270184.18029,140.394504
271,336566.491758,131.506131
272,494918.355288,89.02159300000001
273,533331.424317,64.405665
274,604731.021236,218.163538
275,375585.306838,77.303473
276,578965.461092,63.000202
277,429783.140165,109.00782099999999
278,574267.8677449999,124.545534
279,469474.990768,110.496202
280,460409.105151,66.647749
281,392539.956553,145.16070200000001
282,355618.776671,166.00677199999998
283,598406.7567060001,114.849819
284,559630.940851,135.229243
285,383484.810594,110.115474
286,585817.691081,162.832665
287,504719.320175,118.274887
288,485102.762694,169.890124
289,634966.141333,135.572901
290,576573.295094,128.852877
291,1014544.7219100001,141.232877
292,491689.988109,230.94829700000003
293,309184.404088,112.746297
294,217397.502423,223.958688
295,292893.250074,160.841677
296,434104.975701,55.875572999999996
297,271913.187426,104.846419
298,466332.79416000005,99.839425
299,480228.657379,79.24148100000001
300,605264.208929,250.182765
301,360207.879005,89.67854399999999
302,594304.1886560001,115.166847
303,418691.486149,85.86015
304,322497.420021,102.720943
305,585192.6010680001,99.657841
306,409887.05059299996,175.15451399999998
307,368153.976386,210.55465099999998
308,393157.009619,123.490394
309,536779.956721,145.050795
310,565483.098841,149.04736599999998
311,500091.699234,67.49129599999999
312,333040.502918,119.362923
313,403887.739414,107.771612
314,415357.166241,114.605092
315,488315.010717,95.512038
316,462630.571583,59.340316
317,347201.742371,145.957754
318,443294.16357,99.608518
319,388742.39818899997,96.087515
320,301374.781984,122.312903
321,374297.39397,118.06003
322,503396.40951,75.771828
323,307398.304172,121.315169
324,346256.050829,74.47141500000001
325,553780.025878,107.38044
326,508600.778825,88.304015
327,406732.129069,100.683449
328,429148.125294,113.61953600000001
329,292239.835525,275.281111
330,578438.85075,159.356755
331,416663.478729,101.514493
332,364969.409407,84.447572
333,432498.787762,124.379147
334,399043.419858,87.238378
335,326630.570191,147.07613
336,576493.142654,133.475054
337,489505.012531,137.84942900000001
338,585519.52637,139.54601499999998
339,378244.997602,108.66195900000001
340,468191.249515,98.723854
341,475454.17860299995,78.44850500000001
342,526242.445579,129.6557
343,503875.53337799996,98.76310500000001
344,322290.964719,126.953699
345,666119.0595869999,193.84268600000001
346,467295.85572600004,102.012294
347,367652.822852,140.65076499999998
348,432176.824276,99.20250300000001
349,648023.975094,117.685451
350,505841.387401,193.033254
351,449538.84196099994,123.39843300000001
352,457933.186687,223.214011
353,432270.92199799995,67.956424
354,302575.90095100005,193.367127
355,404376.784015,130.877406
356,362892.583795,108.100169
357,367492.14739899995,76.059916
358,519448.440202,82.488597
359,461436.931366,126.434266
360,434952.4799,106.995102
361,363383.30202199996,95.858324
362,475398.846579,62.568996999999996
363,458763.06075699994,119.10765400000001
364,320872.433021,98.913928
365,402274.13270300004,127.23920700000001
366,527010.748703,154.66128700000002
367,453411.591292,137.698427
368,374898.014066,79.647273
369,405343.008614,119.939925
370,543015.6885810001,209.93925699999997
371,499341.07569399994,242.177444
372,346093.436589,167.868851
373,561465.039187,87.62823900000001
374,425558.388199,79.227587
375,246698.228298,86.592896
376,508723.93173599994,135.111806
377,403631.807442,80.556714
378,424210.086827,67.27732900000001
379,476892.601241,101.717881
380,356829.584126,121.567273
381,375711.453604,130.598099
382,411988.681791,91.572671
383,739121.621363,91.246507
384,362283.83731,90.627358
385,463089.36821800005,134.726688
386,485609.954187,125.158433
387,1038346.53693,121.212622
388,415608.904525,92.165596
389,369684.759015,74.224017
390,511049.792217,73.917608
391,538277.5119619999,151.692753
392,369492.863993,110.12846599999999
393,194905.769107,118.13878500000001
394,330039.320075,56.63943199999999
395,480324.25461999996,128.3932
396,407208.310859,112.576725
397,645257.05383,94.576031
398,372791.924753,123.477628
399,327797.745994,132.88525800000002
400,419429.447636,68.125148
401,307261.208577,109.184031
402,360885.125537,104.258455
403,448946.172458,155.557455
404,444781.43478500005,97.909991
405,459245.844801,58.004966
406,385287.816315,99.333578
407,493758.582913,161.460748
408,351992.837281,108.338302
409,455335.64302899997,122.41251399999999
410,630613.089031,102.02654100000001
411,323344.638331,217.523488
412,487057.563326,129.038431
413,371172.960326,92.003498
414,473743.541326,96.646886
415,407263.11828600004,212.29326400000002
416,420006.862603,107.190744
417,282903.84855,99.805139
418,376874.41691100004,122.398579
419,522702.2404,109.872431
420,348040.499258,111.775704
421,473014.006538,160.787164
422,436747.036392,81.088686
423,292375.083592,106.938581
424,414988.97517,70.283626
425,261003.385657,152.971484
426,389256.913607,161.343151
427,385020.228352,106.44593400000001
428,503493.880613,156.557758
429,369204.11189400003,109.05337
430,473412.40819700004,141.748852
431,492172.922963,110.93443799999999
432,378606.953858,86.954142
433,443719.743561,88.836093
434,365549.118893,255.540852
435,1494014.08955,162.357332
436,473417.37845200003,125.17470700000001
437,601766.462464,95.298311
438,387542.931403,59.95040899999999
439,514225.75868900004,118.39490500000001
440,515397.777102,81.478073
441,559445.03053,89.546738
442,483241.10051400005,61.505021
443,396507.124483,91.741076
444,412609.313804,135.255831
445,510716.19096700003,112.884124
446,406866.146099,58.986665
447,451094.81078199996,74.66382800000001
448,529593.7759939999,76.309168
449,437737.61131199996,122.060348
450,353353.747807,88.101232
451,497057.295958,108.88998500000001
452,364645.349659,83.68628000000001
453,457056.203124,87.977738
454,462581.132007,94.29153199999999
455,561524.919565,137.134344
456,422463.773574,97.643578
457,679615.01512,106.587154
458,490375.24366499996,166.180811
459,772622.0241520001,110.05575900000001
460,545068.401848,127.323153
461,931028.102982,96.628105
462,371511.952431,64.78394300000001
463,430183.312062,261.95986600000003
464,327882.480324,100.538223
465,435465.484808,107.52233100000001
466,425284.783671,142.964269
467,537322.667831,95.89880500000001
468,1272745.87594,234.93424700000003
469,322310.865541,250.19298199999997
470,327613.437487,141.042771
471,599566.404742,99.948317
472,616043.457053,186.7646
473,491564.249304,88.805102
474,346316.471451,144.580901
475,385353.33937,75.181392
476,573938.390445,65.175373
477,392101.132233,70.602506
478,239463.60153299998,213.63727999999998
479,471920.620363,101.417675
480,387288.11963699997,99.796686
481,461555.16941800003,100.147352
482,319254.05561,91.335082
483,496466.86159799993,114.727916
484,1557869.55396,130.743351
485,351844.728888,66.643799
486,413647.523894,85.05882
487,449331.19821000006,95.258737
488,561843.877936,76.72828299999999
489,494806.510862,87.095043
490,416649.866269,65.948631
491,319430.02241700003,300.76048399999996
492,1060483.1462100002,237.77511
